iiwaTheoryKesi = [
    0 0 0 0 0 0 0
    0 1 0 -1 0 1 0
    1 0 1 0 1 0 1
    0 -0.36 0 0.78 0 -1.18 0
    0 0 0 0 0 0 0
    0 0 0 0 0 0 0
];
T_baseToFlangeInit = [
    1 0 0 0
    0 1 0 0
    0 0 1 1.306
    0 0 0 1
    ];

jntUp = deg2rad([170 120 170 120 170 120 175]);
jntLow = -jntUp;